1661017277 84
1661017613 85
1661017866 85
1661018052 11959
1661018615 13345
1661018749 13345
1661018830 13407
1661099648 13414
1661143970 13456
1661718746 13471
1662215831 13471
1662218014 13483
1662221737 13484
1662221774 13484
1662260002 13528
1662261168 13534
1662317093 13534
1662339624 13538
1662407024 13544
1662432695 13545
1662514082 13603
1662514153 13603
1662838159 13603
1662844374 13660
1662850322 13661
1662917371 13661
1662919356 13661
1662922097 13661
1662932906 13661
1662949072 13668
1662949121 13668
1662949454 13680
1662949483 13680
1662951070 13681
1663039137 13828
1663039204 13832
1663039238 13828
1663040212 13828
1663108651 13828
1663119385 13828
1663283912 13828
1663421793 13829
1663423785 13892
1663428927 13892
1663432793 13892
1663715225 13892
1663715453 13892
1663715669 13892
1663716361 13892
1664050276 13893
1664057709 13902
1664057969 13907
1664058451 13910
1664059703 13910
1664127797 13910
1664142393 13910
1664142433 14022
1664279361 14030
1664749030 14030
1664750544 14030
1664750877 14030
1664750953 14030
1664845825 14048
1667059526 14048
1667060418 14048
1667061671 14048
1667061749 14048
1667061774 14048
1667337807 14048
1667871676 14194
1667873208 14232
1667933515 14257
1667937210 14291
1667938070 14294
1667939471 14400
1667939509 14429
1667939548 14495
1668271107 31250
